Best_First_Search
Tempo de execução:0.001178741455078125
Posições percorridas: 
[(0, 3), (0, 4), (0, 5), (1, 5), (2, 5), (3, 5), (4, 5), (5, 5), (6, 5), (7, 5), (8, 5), (9, 5), (10, 5), (11, 5), (12, 5), (13, 5), (14, 5), (15, 5), (16, 5), (17, 5), (18, 5), (19, 5), (20, 5), (21, 5), (22, 5), (22, 6), (22, 7), (22, 8), (23, 8), (24, 8), (25, 8), (25, 9), (25, 10), (25, 11), (26, 11), (27, 11), (28, 11), (28, 12), (28, 13), (28, 14), (28, 15), (28, 16), (28, 17), (28, 18), (28, 19), (28, 20), (28, 21), (28, 22)]

Passos até o objetivo: 48

Depth_First_Search
Tempo de execução:0.008787870407104492
Posições percorridas: 
[(0, 1), (0, 0), (1, 0), (2, 0), (3, 0), (4, 0), (4, 1), (4, 2), (4, 3), (4, 4), (4, 5), (3, 5), (2, 5), (1, 5), (0, 5), (0, 6), (0, 7), (0, 8), (0, 9), (0, 10), (0, 11), (1, 11), (2, 11), (3, 11), (4, 11), (4, 10), (4, 9), (4, 8), (5, 8), (6, 8), (7, 8), (7, 9), (7, 10), (7, 11), (8, 11), (9, 11), (10, 11), (10, 10), (10, 9), (10, 8), (11, 8), (12, 8), (13, 8), (14, 8), (15, 8), (16, 8), (17, 8), (18, 8), (19, 8), (19, 7), (19, 6), (19, 5), (20, 5), (21, 5), (22, 5), (23, 5), (24, 5), (25, 5), (25, 4), (25, 3), (25, 2), (25, 1), (25, 0), (26, 0), (27, 0), (28, 0), (28, 1), (28, 2), (28, 3), (28, 4), (28, 5), (28, 6), (28, 7), (28, 8), (28, 9), (28, 10), (28, 11), (27, 11), (26, 11), (25, 11), (25, 10), (25, 9), (25, 8), (24, 8), (23, 8), (22, 8), (22, 9), (22, 10), (22, 11), (22, 12), (22, 13), (22, 14), (21, 14), (20, 14), (19, 14), (19, 15), (19, 16), (19, 17), (18, 17), (17, 17), (16, 17), (15, 17), (14, 17), (13, 17), (12, 17), (11, 17), (10, 17), (10, 16), (10, 15), (10, 14), (9, 14), (8, 14), (7, 14), (7, 15), (7, 16), (7, 17), (6, 17), (5, 17), (4, 17), (4, 16), (4, 15), (4, 14), (3, 14), (2, 14), (1, 14), (0, 14), (0, 15), (0, 16), (0, 17), (0, 18), (0, 19), (0, 20), (1, 20), (2, 20), (3, 20), (4, 20), (5, 20), (6, 20), (7, 20), (8, 20), (9, 20), (10, 20), (11, 20), (12, 20), (13, 20), (14, 20), (15, 20), (16, 20), (17, 20), (18, 20), (19, 20), (20, 20), (21, 20), (22, 20), (23, 20), (24, 20), (25, 20), (25, 21), (25, 22), (25, 23), (25, 24), (25, 25), (26, 25), (27, 25), (28, 25), (28, 24), (28, 23), (28, 22)]

Passos até o objetivo: 168

Breadth_First_Search
Tempo de execução:0.05511760711669922
Posições percorridas: 
[(0, 3), (0, 4), (0, 5), (1, 5), (2, 5), (3, 5), (4, 5), (5, 5), (6, 5), (7, 5), (8, 5), (9, 5), (10, 5), (11, 5), (12, 5), (13, 5), (14, 5), (15, 5), (16, 5), (17, 5), (18, 5), (19, 5), (20, 5), (21, 5), (22, 5), (22, 6), (22, 7), (22, 8), (23, 8), (24, 8), (25, 8), (25, 9), (25, 10), (25, 11), (26, 11), (27, 11), (28, 11), (28, 12), (28, 13), (28, 14), (28, 15), (28, 16), (28, 17), (28, 18), (28, 19), (28, 20), (28, 21), (28, 22)]

Passos até o objetivo: 48

Busca A*
Tempo de execução:0.009996652603149414
Posições percorridas: 
[(0, 3), (0, 4), (0, 5), (1, 5), (2, 5), (3, 5), (4, 5), (5, 5), (6, 5), (7, 5), (8, 5), (9, 5), (10, 5), (11, 5), (12, 5), (13, 5), (14, 5), (15, 5), (16, 5), (17, 5), (18, 5), (19, 5), (20, 5), (21, 5), (22, 5), (22, 6), (22, 7), (22, 8), (23, 8), (24, 8), (25, 8), (25, 9), (25, 10), (25, 11), (26, 11), (27, 11), (28, 11), (28, 12), (28, 13), (28, 14), (28, 15), (28, 16), (28, 17), (28, 18), (28, 19), (28, 20), (28, 21), (28, 22)]

Passos até o objetivo: 48


Simple Hill Climbing
Tempo de execução:0.05306577682495117
Posições percorridas: 
[(0, 3), (0, 4), (0, 5), (1, 5), (2, 5), (3, 5), (4, 5), (5, 5), (6, 5), (7, 5), (8, 5), (9, 5), (10, 5), (11, 5), (12, 5), (13, 5), (14, 5), (15, 5), (16, 5), (17, 5), (18, 5), (19, 5), (20, 5), (21, 5), (22, 5), (22, 6), (22, 7), (22, 8), (23, 8), (24, 8), (25, 8), (25, 9), (25, 10), (25, 11), (26, 11), (27, 11), (28, 11), (28, 12), (28, 13), (28, 14), (28, 15), (28, 16), (28, 17), (28, 18), (28, 19), (28, 20), (28, 21), (28, 22)]

Passos até o objetivo: 48

