Best_First_Search
Tempo de execução:0.014156103134155273
Posições percorridas: 
[(0, 12), (0, 13), (0, 14), (0, 15), (0, 16), (1, 16), (2, 16), (2, 17), (2, 18), (3, 18), (4, 18), (5, 18), (6, 18), (7, 18), (8, 18), (8, 17), (8, 16), (9, 16), (10, 16), (10, 17), (10, 18), (11, 18), (12, 18), (12, 17), (12, 16), (13, 16), (14, 16), (14, 17), (14, 18), (15, 18), (16, 18), (16, 17), (16, 16), (16, 15), (16, 14), (17, 14), (18, 14), (18, 13), (18, 12), (18, 11), (18, 10), (18, 9), (18, 8), (17, 8), (16, 8), (15, 8), (14, 8), (13, 8), (12, 8), (12, 9), (12, 10), (11, 10), (10, 10), (10, 9), (10, 8), (10, 7), (10, 6), (11, 6), (12, 6), (13, 6), (14, 6), (15, 6), (16, 6), (17, 6), (18, 6), (18, 5), (18, 4)]

Passos até o objetivo: 67

Depth_First_Search
Tempo de execução:0.019892215728759766
Posições percorridas: 
[(0, 12), (0, 13), (0, 14), (0, 15), (0, 16), (1, 16), (2, 16), (2, 17), (2, 18), (3, 18), (4, 18), (5, 18), (6, 18), (7, 18), (8, 18), (8, 17), (8, 16), (9, 16), (10, 16), (10, 17), (10, 18), (11, 18), (12, 18), (12, 17), (12, 16), (13, 16), (14, 16), (14, 17), (14, 18), (15, 18), (16, 18), (16, 17), (16, 16), (16, 15), (16, 14), (17, 14), (18, 14), (18, 13), (18, 12), (17, 12), (16, 12), (16, 11), (16, 10), (15, 10), (14, 10), (14, 11), (13, 11), (12, 11), (12, 10), (11, 10), (10, 10), (10, 9), (10, 8), (10, 7), (10, 6), (11, 6), (12, 6), (13, 6), (14, 6), (15, 6), (16, 6), (17, 6), (18, 6), (18, 5), (18, 4)]

Passos até o objetivo: 65

Breadth_First_Search
Tempo de execução:0.02776193618774414
Posições percorridas: 
[(0, 12), (0, 13), (0, 14), (0, 15), (0, 16), (1, 16), (2, 16), (2, 17), (2, 18), (3, 18), (4, 18), (5, 18), (6, 18), (6, 17), (6, 16), (6, 15), (6, 14), (5, 14), (4, 14), (4, 13), (4, 12), (3, 12), (2, 12), (2, 11), (2, 10), (2, 9), (2, 8), (3, 8), (4, 8), (4, 9), (4, 10), (5, 10), (6, 10), (7, 10), (8, 10), (8, 9), (9, 9), (10, 9), (10, 8), (10, 7), (10, 6), (11, 6), (12, 6), (13, 6), (14, 6), (15, 6), (16, 6), (17, 6), (18, 6), (18, 5), (18, 4)]

Passos até o objetivo: 51

Busca A*
Tempo de execução:0.0031785964965820312
Posições percorridas: 
[(0, 12), (0, 13), (0, 14), (0, 15), (0, 16), (1, 16), (2, 16), (2, 17), (2, 18), (3, 18), (4, 18), (5, 18), (6, 18), (6, 17), (6, 16), (6, 15), (6, 14), (5, 14), (4, 14), (4, 13), (4, 12), (3, 12), (2, 12), (2, 11), (2, 10), (2, 9), (2, 8), (3, 8), (4, 8), (4, 9), (4, 10), (5, 10), (6, 10), (7, 10), (8, 10), (8, 9), (9, 9), (10, 9), (10, 8), (10, 7), (10, 6), (11, 6), (12, 6), (13, 6), (14, 6), (15, 6), (16, 6), (17, 6), (18, 6), (18, 5), (18, 4)]

Passos até o objetivo: 51


Simple Hill Climbing
Tempo de execução:0.1286914348602295
Posições percorridas: 
[(0, 12), (0, 13), (0, 14), (0, 15), (0, 16), (1, 16), (2, 16), (2, 17), (2, 18), (3, 18), (4, 18), (5, 18), (6, 18), (6, 17), (6, 16), (6, 15), (6, 14), (5, 14), (4, 14), (4, 13), (4, 12), (3, 12), (2, 12), (2, 11), (2, 10), (2, 9), (2, 8), (3, 8), (4, 8), (4, 9), (4, 10), (5, 10), (6, 10), (7, 10), (8, 10), (8, 9), (9, 9), (10, 9), (10, 8), (10, 7), (10, 6), (11, 6), (12, 6), (13, 6), (14, 6), (15, 6), (16, 6), (17, 6), (18, 6), (18, 5), (18, 4)]

Passos até o objetivo: 51

