Best_First_Search
Tempo de execução:0.007015705108642578
Posições percorridas: 
[(0, 1), (0, 2), (0, 3), (0, 4), (1, 4), (2, 4), (2, 3), (2, 2), (2, 1), (2, 0), (3, 0), (4, 0), (4, 1), (4, 2), (5, 2), (6, 2), (6, 3), (6, 4), (6, 5), (6, 6), (6, 7), (6, 8), (5, 8), (4, 8), (3, 8), (2, 8), (2, 9), (2, 10), (3, 10), (4, 10), (4, 11), (4, 12), (3, 12), (2, 12), (2, 13), (2, 14), (2, 15), (2, 16), (3, 16), (4, 16), (4, 17), (4, 18), (5, 18), (6, 18), (6, 17), (6, 16), (6, 15), (6, 14), (7, 14), (8, 14), (9, 14), (10, 14), (10, 15), (10, 16), (11, 16), (12, 16), (12, 17), (12, 18), (13, 18), (14, 18), (15, 18), (16, 18), (17, 18), (18, 18)]

Passos até o objetivo: 64

Depth_First_Search
Tempo de execução:0.029169559478759766
Posições percorridas: 
[(0, 1), (0, 2), (0, 3), (0, 4), (1, 4), (2, 4), (2, 3), (2, 2), (2, 1), (2, 0), (3, 0), (4, 0), (4, 1), (4, 2), (5, 2), (6, 2), (6, 3), (6, 4), (6, 5), (6, 6), (6, 7), (6, 8), (5, 8), (4, 8), (3, 8), (2, 8), (2, 9), (2, 10), (3, 10), (4, 10), (4, 11), (4, 12), (3, 12), (2, 12), (2, 13), (2, 14), (1, 14), (0, 14), (0, 15), (0, 16), (0, 17), (0, 18), (1, 18), (2, 18), (3, 18), (4, 18), (5, 18), (6, 18), (6, 17), (6, 16), (6, 15), (6, 14), (7, 14), (8, 14), (9, 14), (10, 14), (10, 13), (10, 12), (10, 11), (10, 10), (10, 9), (10, 8), (9, 8), (8, 8), (8, 7), (8, 6), (9, 6), (10, 6), (11, 6), (12, 6), (12, 7), (12, 8), (12, 9), (12, 10), (13, 10), (14, 10), (14, 9), (14, 8), (15, 8), (16, 8), (17, 8), (18, 8), (18, 9), (18, 10), (18, 11), (18, 12), (18, 13), (18, 14), (17, 14), (16, 14), (16, 15), (16, 16), (16, 17), (16, 18), (17, 18), (18, 18)]

Passos até o objetivo: 96

Breadth_First_Search
Tempo de execução:0.03473711013793945
Posições percorridas: 
[(0, 1), (0, 2), (0, 3), (0, 4), (1, 4), (2, 4), (2, 3), (2, 2), (2, 1), (2, 0), (3, 0), (4, 0), (4, 1), (4, 2), (5, 2), (6, 2), (6, 3), (6, 4), (6, 5), (6, 6), (6, 7), (6, 8), (5, 8), (4, 8), (3, 8), (2, 8), (2, 9), (2, 10), (3, 10), (4, 10), (4, 11), (4, 12), (3, 12), (2, 12), (2, 13), (2, 14), (2, 15), (2, 16), (3, 16), (4, 16), (4, 17), (4, 18), (5, 18), (6, 18), (6, 17), (6, 16), (6, 15), (6, 14), (7, 14), (8, 14), (9, 14), (10, 14), (10, 15), (10, 16), (11, 16), (12, 16), (12, 17), (12, 18), (13, 18), (14, 18), (15, 18), (16, 18), (17, 18), (18, 18)]

Passos até o objetivo: 64

Busca A*
Tempo de execução:0.005205392837524414
Posições percorridas: 
[(0, 1), (0, 2), (0, 3), (0, 4), (1, 4), (2, 4), (2, 3), (2, 2), (2, 1), (2, 0), (3, 0), (4, 0), (4, 1), (4, 2), (5, 2), (6, 2), (6, 3), (6, 4), (6, 5), (6, 6), (6, 7), (6, 8), (5, 8), (4, 8), (3, 8), (2, 8), (2, 9), (2, 10), (3, 10), (4, 10), (4, 11), (4, 12), (3, 12), (2, 12), (2, 13), (2, 14), (2, 15), (2, 16), (3, 16), (4, 16), (4, 17), (4, 18), (5, 18), (6, 18), (6, 17), (6, 16), (6, 15), (6, 14), (7, 14), (8, 14), (9, 14), (10, 14), (10, 15), (10, 16), (11, 16), (12, 16), (12, 17), (12, 18), (13, 18), (14, 18), (15, 18), (16, 18), (17, 18), (18, 18)]

Passos até o objetivo: 64


Simple Hill Climbing
Tempo de execução:0.06000542640686035
Posições percorridas: 
[(0, 1), (0, 2), (0, 3), (0, 4), (1, 4), (2, 4), (2, 3), (2, 2), (2, 1), (2, 0), (3, 0), (4, 0), (4, 1), (4, 2), (5, 2), (6, 2), (6, 3), (6, 4), (6, 5), (6, 6), (6, 7), (6, 8), (5, 8), (4, 8), (3, 8), (2, 8), (2, 9), (2, 10), (3, 10), (4, 10), (4, 11), (4, 12), (3, 12), (2, 12), (2, 13), (2, 14), (2, 15), (2, 16), (3, 16), (4, 16), (4, 17), (4, 18), (5, 18), (6, 18), (6, 17), (6, 16), (6, 15), (6, 14), (7, 14), (8, 14), (9, 14), (10, 14), (10, 15), (10, 16), (11, 16), (12, 16), (12, 17), (12, 18), (13, 18), (14, 18), (15, 18), (16, 18), (17, 18), (18, 18)]

Passos até o objetivo: 64

