Best_First_Search
Tempo de execução:0.015328645706176758
Posições percorridas: 
[(0, 1), (0, 0), (1, 0), (2, 0), (3, 0), (4, 0), (5, 0), (6, 0), (7, 0), (8, 0), (9, 0), (10, 0), (10, 1), (10, 2), (10, 3), (10, 4), (10, 5), (10, 6), (11, 6), (12, 6), (12, 7), (12, 8), (11, 8), (10, 8), (9, 8), (8, 8), (8, 7), (8, 6), (7, 6), (6, 6), (6, 7), (6, 8), (6, 9), (6, 10), (6, 11), (6, 12), (7, 12), (8, 12), (8, 13), (8, 14), (8, 15), (8, 16), (9, 16), (10, 16), (11, 16), (12, 16), (12, 17), (12, 18), (13, 18), (14, 18), (15, 18), (16, 18), (16, 17), (16, 16), (16, 15), (16, 14), (16, 13), (16, 12), (16, 11), (16, 10), (16, 9), (16, 8), (17, 8), (18, 8), (18, 7), (18, 6), (18, 5)]

Passos até o objetivo: 67

Depth_First_Search
Tempo de execução:0.019492387771606445
Posições percorridas: 
[(0, 1), (0, 0), (1, 0), (2, 0), (3, 0), (4, 0), (5, 0), (6, 0), (7, 0), (8, 0), (9, 0), (10, 0), (10, 1), (10, 2), (10, 3), (10, 4), (10, 5), (10, 6), (11, 6), (12, 6), (12, 7), (12, 8), (11, 8), (10, 8), (9, 8), (8, 8), (8, 7), (8, 6), (7, 6), (6, 6), (6, 7), (6, 8), (6, 9), (6, 10), (6, 11), (6, 12), (7, 12), (8, 12), (8, 13), (8, 14), (8, 15), (8, 16), (9, 16), (10, 16), (11, 16), (12, 16), (12, 17), (12, 18), (13, 18), (14, 18), (15, 18), (16, 18), (16, 17), (16, 16), (16, 15), (16, 14), (16, 13), (16, 12), (16, 11), (16, 10), (16, 9), (16, 8), (17, 8), (18, 8), (18, 7), (18, 6), (17, 6), (16, 6), (15, 6), (14, 6), (14, 5), (14, 4), (14, 3), (14, 2), (15, 2), (16, 2), (17, 2), (18, 2), (18, 3), (18, 4), (18, 5)]

Passos até o objetivo: 81

Breadth_First_Search
Tempo de execução:0.02738165855407715
Posições percorridas: 
[(0, 1), (0, 0), (1, 0), (2, 0), (2, 1), (2, 2), (2, 3), (2, 4), (2, 5), (2, 6), (2, 7), (2, 8), (2, 9), (2, 10), (2, 11), (2, 12), (2, 13), (2, 14), (2, 15), (2, 16), (3, 16), (4, 16), (5, 16), (6, 16), (6, 17), (6, 18), (7, 18), (8, 18), (9, 18), (10, 18), (11, 18), (12, 18), (13, 18), (14, 18), (15, 18), (16, 18), (16, 17), (16, 16), (16, 15), (16, 14), (16, 13), (16, 12), (16, 11), (16, 10), (16, 9), (16, 8), (17, 8), (18, 8), (18, 7), (18, 6), (18, 5)]

Passos até o objetivo: 51

Busca A*
Tempo de execução:0.0052509307861328125
Posições percorridas: 
[(0, 1), (0, 0), (1, 0), (2, 0), (2, 1), (3, 1), (4, 1), (4, 0), (5, 0), (6, 0), (7, 0), (8, 0), (9, 0), (10, 0), (10, 1), (10, 2), (10, 3), (10, 4), (10, 5), (10, 6), (11, 6), (12, 6), (12, 7), (12, 8), (11, 8), (10, 8), (9, 8), (8, 8), (8, 7), (8, 6), (7, 6), (6, 6), (6, 7), (6, 8), (6, 9), (6, 10), (6, 11), (6, 12), (7, 12), (8, 12), (8, 13), (8, 14), (8, 15), (8, 16), (9, 16), (10, 16), (11, 16), (12, 16), (12, 17), (12, 18), (13, 18), (14, 18), (15, 18), (16, 18), (16, 17), (16, 16), (16, 15), (16, 14), (16, 13), (16, 12), (16, 11), (16, 10), (16, 9), (16, 8), (17, 8), (18, 8), (18, 7), (18, 6), (18, 5)]

Passos até o objetivo: 69


Simple Hill Climbing
Tempo de execução:0.11624717712402344
Posições percorridas: 
[(0, 1), (0, 0), (1, 0), (2, 0), (2, 1), (2, 2), (2, 3), (2, 4), (2, 5), (2, 6), (2, 7), (2, 8), (2, 9), (2, 10), (2, 11), (2, 12), (2, 13), (2, 14), (2, 15), (2, 16), (3, 16), (4, 16), (5, 16), (6, 16), (6, 17), (6, 18), (7, 18), (8, 18), (9, 18), (10, 18), (11, 18), (12, 18), (13, 18), (14, 18), (15, 18), (16, 18), (16, 17), (16, 16), (16, 15), (16, 14), (16, 13), (16, 12), (16, 11), (16, 10), (16, 9), (16, 8), (17, 8), (18, 8), (18, 7), (18, 6), (18, 5)]

Passos até o objetivo: 51

