Best_First_Search
Tempo de execução:0.01899433135986328
Posições percorridas: 
[(0, 3), (0, 4), (1, 4), (2, 4), (3, 4), (4, 4), (4, 5), (4, 6), (3, 6), (3, 7), (3, 8), (4, 8), (4, 9), (4, 10), (4, 11), (4, 12), (5, 12), (6, 12), (7, 12), (8, 12), (9, 12), (10, 12), (10, 13), (10, 14), (10, 15), (10, 16), (11, 16), (12, 16), (12, 15), (12, 14), (12, 13), (12, 12), (13, 12), (14, 12), (14, 13), (14, 14), (14, 15), (14, 16), (15, 16), (16, 16), (16, 17), (16, 18), (17, 18), (18, 18), (18, 17), (18, 16), (18, 15), (18, 14), (18, 13), (18, 12), (18, 11), (18, 10)]

Passos até o objetivo: 52

Depth_First_Search
Tempo de execução:0.020544052124023438
Posições percorridas: 
[(0, 1), (0, 0), (1, 0), (2, 0), (3, 0), (3, 1), (3, 2), (2, 2), (2, 3), (3, 3), (4, 3), (4, 4), (3, 4), (2, 4), (1, 4), (0, 4), (0, 5), (0, 6), (1, 6), (2, 6), (3, 6), (4, 6), (5, 6), (6, 6), (6, 5), (6, 4), (6, 3), (6, 2), (7, 2), (8, 2), (8, 3), (8, 4), (9, 4), (10, 4), (10, 5), (10, 6), (9, 6), (8, 6), (8, 7), (8, 8), (7, 8), (6, 8), (5, 8), (4, 8), (3, 8), (2, 8), (2, 9), (3, 9), (4, 9), (4, 10), (3, 10), (2, 10), (1, 10), (0, 10), (0, 11), (0, 12), (0, 13), (0, 14), (1, 14), (2, 14), (3, 14), (3, 13), (2, 13), (2, 12), (3, 12), (4, 12), (5, 12), (6, 12), (7, 12), (8, 12), (9, 12), (10, 12), (10, 13), (10, 14), (10, 15), (10, 16), (11, 16), (12, 16), (12, 15), (12, 14), (12, 13), (12, 12), (13, 12), (14, 12), (14, 13), (14, 14), (14, 15), (14, 16), (15, 16), (16, 16), (16, 17), (16, 18), (17, 18), (18, 18), (18, 17), (18, 16), (18, 15), (18, 14), (18, 13), (18, 12), (18, 11), (18, 10)]

Passos até o objetivo: 102

Breadth_First_Search
Tempo de execução:0.44756340980529785
Posições percorridas: 
[(0, 3), (0, 4), (1, 4), (2, 4), (3, 4), (3, 5), (3, 6), (3, 7), (3, 8), (4, 8), (4, 9), (4, 10), (4, 11), (4, 12), (5, 12), (6, 12), (7, 12), (8, 12), (9, 12), (10, 12), (10, 13), (10, 14), (10, 15), (10, 16), (11, 16), (12, 16), (12, 15), (12, 14), (12, 13), (12, 12), (13, 12), (14, 12), (14, 13), (14, 14), (14, 15), (14, 16), (15, 16), (16, 16), (16, 17), (16, 18), (17, 18), (18, 18), (18, 17), (18, 16), (18, 15), (18, 14), (18, 13), (18, 12), (18, 11), (18, 10)]

Passos até o objetivo: 50

Busca A*
Tempo de execução:0.004836082458496094
Posições percorridas: 
[(0, 3), (0, 4), (1, 4), (2, 4), (3, 4), (3, 5), (3, 6), (3, 7), (3, 8), (4, 8), (4, 9), (4, 10), (4, 11), (4, 12), (5, 12), (6, 12), (7, 12), (8, 12), (9, 12), (10, 12), (10, 13), (10, 14), (10, 15), (10, 16), (11, 16), (12, 16), (12, 15), (12, 14), (12, 13), (12, 12), (13, 12), (14, 12), (14, 13), (14, 14), (14, 15), (14, 16), (15, 16), (16, 16), (16, 17), (16, 18), (17, 18), (18, 18), (18, 17), (18, 16), (18, 15), (18, 14), (18, 13), (18, 12), (18, 11), (18, 10)]

Passos até o objetivo: 50


Simple Hill Climbing
Tempo de execução:0.18361401557922363
Posições percorridas: 
[(0, 3), (0, 4), (0, 5), (0, 6), (1, 6), (2, 6), (3, 6), (3, 7), (3, 8), (4, 8), (4, 9), (4, 10), (4, 11), (4, 12), (5, 12), (6, 12), (7, 12), (8, 12), (9, 12), (10, 12), (10, 13), (10, 14), (10, 15), (10, 16), (11, 16), (12, 16), (12, 15), (12, 14), (12, 13), (12, 12), (13, 12), (14, 12), (14, 13), (14, 14), (14, 15), (14, 16), (15, 16), (16, 16), (16, 17), (16, 18), (17, 18), (18, 18), (18, 17), (18, 16), (18, 15), (18, 14), (18, 13), (18, 12), (18, 11), (18, 10)]

Passos até o objetivo: 50

